547905866255433758
813017098926161942
852743151222652938
863993489276403712
868510386717089812
869424485030314014
883184425876197466
883184386881749012
883184391776522332
883184416468381746
883184406116847666
883184410944491540
883184412269879347
883184407719051264
883184414362849330
883184415268806697
883184414744530954
883184386663669761
883184383610208327
883184423015710750
883184413146505277
883184422436892672
883184399271747625
883184407496777729
883184422940213329
883184388295233556
883184381915697204
883184410747363328
883184410810269717
883184383325011968
883184419299541044
883184399250784256
883184403457667082
883184395903696917
883184388387516426
883184407379337267
883184399565340702
883184382859440188
883184386378457088
883184428564746250
883184399875702784
883184399531778099
883184407740055562
883184416766197811
883184388270092318
883184414035705876
882934292664164362
883184413540745226
883184393454235688
883184382259642408
883184387968077834
883184412798373899
883184406225883218
883184386831446036
883184397531115530
883184387208929300
883184391218675712
883184382683283476
883184405110206564
883184417701498880
883184429202296842
883184401175953449
883184385640247307
883184422092935258
883184386495901697
883184421249908756
883184405705793556
883184427679772693
883184409883344916
883184400915894332
883184408784433212
883184422097145896
883184427872694313
883184408788602891
883184387448012890
883184391600361524
883184402572656641
883184428157911050
883184419790278666
883184408578887710
883184421249904701
883184390690205747
883184415281406013
883184387171168276
883184429579780126
883184405198303282
883184387859050567
883184415122030603
883184412865495051
883184383773802527
883184409182887936
883184390925058088
883184422868910110
883184419123380234
883184428728324138
883184429156139068
883184388181991434
883184423053439007
883184426928988180
883184422290067537
883184385954836480
883184383450824714
883184423070216243
883184387867414618
883184386122604564
883184392921575474
883184401071108176
883184404300718100
883184406649520170
883184422248149023
883184396738383903
883184382070886460
883184419958054962
883184382226087957
883184417797996595
883184392590205028
883184382205120572
883184418792034344
883184412446064650
883184421879033916
883184422919241788
883184408436310047
883184422218784788
883184418838155325
883184382305796176
883184415440764978
883184402891431986
883184412274069524
883184414773891122
883184419651874836
883184404887924736
883184382549049395
883184388358160465
883184392686698587
883184388068745276
883184415440785419
883184412630585425
883184390681796629
883184417349173289
883184418599108669
883184386101624842
883184421128257646
883184392678289478
883184393148047370
883184424999600128
883184397854048307
883184422076186635
883184413213601822
883184410638315550
883184382700060772
883184400433578034
883184423116374017
883184418594885693
883184406737616897
883184419416973313
883184383115268138
883184418687160380
883184391222861844
883184426585042964
883184418364215397
883184402090324039
883184398772600914
883184429458157599
883184393139654716
883184428245979206
883184412404101131
882934292664164364
883184409270968370
883184406636933201
883184406808907846
883184388144250920
883184392770572299
883184428199837696
883184381806673960
883184412974538763
883184386684645406
883184422252331008
883184412211159060
883184422449451009
883184409635872848
883184398898446398
883184428208230400
883184385627676714
883184413784039534
883184427361005568
883184417860902942
883184390996373524
883184383228522497
883184410382446672
883184405982621727
883184398814560306
883184401805107261
883184427822366791
883184401838665799
883184422868885555
883184422222979123
883184415692451840
883184383098490891
882934292664164365
883184429068066857
883184428233408652
883184419479879700
883184417747632159
883184392657309696
883184408436281354
883184382683254847
883184388156825620
883184405068283994
883184382674878484
883184387297005638
883184410281775125
883184401448583219
883184429516849193
883184408310480917
883184412215345232
883184392116244510
883184398814564372
883184391252217907
883184430234107995
883184397933744210
883184392971898890
883184416485179432
883184383631167518
883184425901375530
883184420058705921
883184383207542794
883184411011600434
883184421946134528
883184397598224384
883184386059698226
883184392015609976
883184383408877589
883184428967428106
883184423091208192
883184412848713800
883184430448013322
883184415063302155
883184428174684224
883184413112959037
883184400265805925
883184425045749760
883184399653421117
883184390832816139
883184428216623104
883184406569844756
883184390467887184
883184415885361213
882934292664164363
883184422185226362
883184422227156993
883184386248437760
883184410768318484
883184411447812156
883184412282474517
883184420310364180
883184405131169803
883184406989242428
883184415629541426
883184429042913290
883184391197708288
883184404158103592
883184429118418944
883184413146484786
883184400827830324
883184392279826443
883184390715355167
883184381882146826
883184397128450120
883184405772906538
883184407060566117
883184411263258654
883184425796505660
883184420931121214
883184413314269234
883184394922229770
883184419844796447
883184395387797505
883184408151097374
883184411435216918
883184414153146369
883184426190778408
883184394788036708
883184417663746088
883184388333010964
883184400387407912
883184388349775873
883184398705508402
883184422042628137
883184410000773142
883184383463411763
883184422785007636
883184381869555762
883184381882155019
883184403835142154
883184420721393664
883184429319745576
883184421757415436
883184417772830790
883184382851039252
883184417865097236
883184427914641418
883184397648547900
883184383186599936
883184421925159052
883184420713017354
883184393131294730
883184383408898100
883184408767627324
883184429156159488
883184382272217129
883184403348590602
883184406464970802
883184410571210792
883184417789595699
883184397308821506
883184427935600641
883184428128550912
883184421585440770
883184412458618880
883184415801507840
883184422545932348
883184385891897364
883184418485829702
883184392409849866
883184396994216047
883184382888800286
883184420583010334
883184396369264680
883184415486906389
883184406515286057
883184425322561576
883184384209981440
883184415549845544
883184410298556446
883184386185523200
883184418632663050
883184387926155286
883184425049948180
883184412685115433
883184382909743144
883184416879431700
883184421312802907
883184392288239638
883184393248722964
883184392946741329
883184427348414544
883184419840589885
883184386902728705
883184390799241247
883184411946913843
883184392812519454
883184383874445372
883184409803649044
883184402983686245
883184387875827732
883184400332910602
883184408851517470
883184388270063736
883184429126787122
883184396277006336
883184386336489532
883184405110214706
883184413544960052
883184428183085056
883184419861573652
883184410273398855
883184387099861033
883184412261494884
883184416623575060
883184398156050483
883184410478932078
883184387435417652
883184382473564252
883184383006224384
883184403109543988
883184392682479676
883184411401678858
883184413494620170
883184412420874292
883184410571182100
883184410990624800
883184382712623134
883184409283539014
883184385984184381
883184382981070949
883184401897373706
883184390899904514
883184396285411328
883184391650693121
883184419387629608
883184382746173470
883184382117036043
883184392657313863
883184399464681492
883184404552380486
883184428904497153
883184392619569192
883184421300211712
883184406985076746
883184403029831711
883184410311135242
883184421895811114
883184408444669974
883184387909357611
883184429101617202
883184412882260000
883184423347036200
883184382716837960
883184420985655306
883184395685605387
883184409530994749
883184381735354398
883184410114027540
883184397732421682
883184417105928204
883184417928011806
883184383585026058
883184429659488256
883184427063185418
883184401192722484
883184430368301136
883184403843514378
883184405160558672
883184391000567848
883184421736431627
883184412508971088
883184382674894909
883184419714773002
883184406947311636
883184416082505821
883184388228149278
883184429143560293
883184415163940905
883184415579197440
883184411355537449
883184392770576435
883184420213903370
883184419819651132
883184388416868413
883184406825668640
883184418162872340
883184420813672458
883184417319817266
883184414778085396
883184388211347476
883184383874437120
883184427180646410
883184401859625010
883184427759435826
883184408113344512
883184409182867538
883184420801118258
883184408302084107
883184401083695165
883184399087185990
883184420167766036
883184401289216030
883184406183964712
883184412605419580
883184387846447195
883184406188163072
883184392514711613
883184411313573939
883184387045359617
883184399603089458
883184383090106388
883184382012162078
883184402019012628
883184392074330192
883184419354075167
883184386286182402
883184391436783686
883184393164849183
883184401284997150
883184428585721887
883184403403145217
883184420268433409
883184409082220624
883184392321790042
883184422537551923
883184410793484328
883184420704645131
883184392233680946
883184402497150987
883184416694894674
883184411691085834
883184391818473472
883184417919623239
883184422877298779
883184409178697758
883184399858929684
883184404527198228
883184391969447966
883184422122315826
883184423112163378
883184414685798400
883184421828698174
883184390371414016
883184387066298368
883184383677329478
883184403008860251
883184408125907035
883184391143186432
883184388005855252
883184381668241459
883184407463231498
883184386537824298
